2.55 105.84 1
3.35 90.14 1
2.23 118.23 1
6.21 86.52 1
2.95 112.69 1
3.20 104.95 1
1.90 79.30 1
3.24 108.11 1
3.19 112.52 1
0.32 91.00 1
4.89 90.88 1
1.23 100.66 1
3.87 110.12 1
2.39 107.73 1
1.80 85.28 1
2.67 100.13 1
2.45 109.90 1
1.09 79.91 1
1.83 121.94 1
1.64 117.74 1
0.72 100.05 1
5.71 97.46 1
0.07 107.07 1
3.50 111.75 1
1.64 87.62 1
1.69 92.58 1
5.03 96.48 1
2.73 94.73 1
1.49 85.40 1
1.14 82.62 1
2.29 98.51 1
1.28 107.90 1
4.43 117.61 1
3.55 96.71 1
1.93 113.90 1
2.24 124.80 1
2.85 92.66 1
2.34 104.98 1
5.59 93.83 1
2.67 109.19 1
4.37 99.90 1
4.26 85.77 1
3.55 101.02 1
4.95 88.30 1
3.13 91.80 1
2.83 95.07 1
4.89 97.88 1
3.51 100.65 1
2.32 101.41 1
3.51 118.91 1
4.25 100.33 1
3.64 113.98 1
5.27 93.63 1
4.11 109.21 1
1.57 93.30 1
2.41 112.64 1
1.89 103.40 1
2.16 110.29 1
2.89 106.09 1
0.04 96.41 1
5.28 94.95 1
1.62 98.52 1
2.79 105.76 1
2.94 122.75 1
2.30 92.50 1
0.65 92.57 1
5.25 112.15 1
3.17 94.92 1
0.64 85.53 1
1.91 104.10 1
2.69 86.43 1
3.10 94.29 1
0.77 96.37 1
1.51 100.21 1
2.61 77.61 1
2.13 93.43 1
4.70 93.52 1
5.73 94.51 1
4.23 85.74 1
2.58 103.63 1
2.66 99.08 1
3.17 113.42 1
2.14 100.79 1
3.26 98.00 1
4.35 102.33 1
0.95 102.96 1
5.24 90.50 1
4.40 80.40 1
3.05 86.40 1
0.82 101.17 1
4.66 91.73 1
2.22 90.47 1
3.55 87.70 1
3.59 96.88 1
5.75 111.26 1
2.09 92.75 1
0.36 100.97 1
2.46 87.50 1
1.69 104.35 1
1.00 87.27 1
12.07 58.20 0
13.39 69.36 0
11.11 61.84 0
14.43 49.13 0
10.36 58.73 0
10.94 64.18 0
13.06 58.47 0
10.44 53.03 0
11.82 68.54 0
11.46 71.06 0
12.09 71.60 0
11.57 70.08 0
9.76 54.18 0
12.58 73.49 0
10.56 77.84 0
12.88 53.12 0
12.44 82.14 0
14.23 61.49 0
8.26 59.27 0
11.99 68.57 0
13.35 70.47 0
9.38 81.57 0
11.36 68.04 0
11.54 34.40 0
10.51 71.02 0
13.10 68.80 0
12.87 65.31 0
10.09 57.90 0
13.33 43.41 0
11.44 57.55 0
10.02 65.04 0
12.49 71.84 0
12.20 60.70 0
13.63 70.94 0
9.08 51.19 0
12.23 59.18 0
12.23 69.64 0
12.54 65.90 0
11.72 54.51 0
11.17 67.14 0
13.67 60.33 0
11.04 68.13 0
9.22 63.88 0
10.91 55.16 0
10.57 61.97 0
12.68 61.14 0
11.17 54.01 0
10.52 78.92 0
10.82 53.19 0
13.20 62.97 0
11.70 67.13 0
14.33 74.00 0
10.67 55.18 0
11.65 52.47 0
13.98 79.46 0
11.08 67.71 0
12.02 51.28 0
13.55 50.91 0
13.00 71.87 0
11.33 55.02 0
12.80 48.92 0
14.55 60.58 0
11.63 58.54 0
10.33 55.65 0
9.93 67.26 0
11.47 40.45 0
10.47 49.88 0
11.70 64.72 0
13.36 76.05 0
12.02 58.15 0
13.64 54.60 0
11.59 62.73 0
13.75 64.26 0
14.00 61.84 0
10.10 72.48 0
11.28 65.06 0
10.98 56.65 0
12.79 60.55 0
14.67 65.81 0
13.04 44.50 0
11.12 45.14 0
12.97 49.68 0
9.47 72.93 0
12.82 60.32 0
10.52 48.32 0
9.95 58.82 0
12.81 64.68 0
13.10 61.47 0
12.40 60.01 0
12.43 49.82 0
12.22 72.20 0
12.21 59.42 0
12.58 51.27 0
11.79 40.60 0
13.24 55.48 0
12.43 66.96 0
10.79 48.56 0
11.05 63.68 0
12.32 56.29 0
13.58 73.32 0
